Accuracy: 0.871
Macro Avg Precision: 0.766
Macro Avg Recall: 0.771
Macro Avg F1-Score: 0.768
Weighted Avg Precision: 0.866
Weighted Avg Recall: 0.871
Weighted Avg F1-Score: 0.868
              precision    recall  f1-score   support

        2553       1.00      1.00      1.00         1
        2DPC       1.00      1.00      1.00         1
        2MZV       0.00      0.00      0.00         1
        2PWH       1.00      1.00      1.00         1
        3NYG       1.00      1.00      1.00         1
        3T42       1.00      1.00      1.00         1
        3VV3       1.00      1.00      1.00         2
        4GK3       0.00      0.00      0.00         0
        4MF5       0.00      0.00      0.00         1
        4MFD       0.00      0.00      0.00         0
        4MZV       0.00      0.00      0.00         0
        4PT5       1.00      1.00      1.00         1
        4T76       1.00      1.00      1.00         1
        4TMW       1.00      1.00      1.00         1
        52HR       1.00      1.00      1.00         1
        59PC       0.00      0.00      0.00         1
        5FMD       0.00      0.00      0.00         0
        5HM9       0.00      0.00      0.00         1
        5M76       1.00      1.00      1.00         1
        5VNC       0.00      0.00      0.00         0
        5VRK       1.00      1.00      1.00         1
        5W77       1.00      1.00      1.00         1
        63N5       1.00      1.00      1.00         1
        65C5       1.00      1.00      1.00         1
        6949       1.00      1.00      1.00         1
        6CMG       1.00      1.00      1.00         1
        6DFT       0.00      0.00      0.00         0
        6DPT       0.00      0.00      0.00         1
        6NH2       0.00      0.00      0.00         1
        6ZHK       1.00      1.00      1.00         1
        7243       1.00      1.00      1.00         1
        7FY3       1.00      1.00      1.00         1
        7GMZ       1.00      1.00      1.00         1
        96ND       1.00      1.00      1.00         1
        9GK3       0.00      0.00      0.00         1
        9H5G       1.00      1.00      1.00         1
        9PG7       1.00      1.00      1.00         1
        9PV3       1.00      1.00      1.00         1
        9WMR       1.00      1.00      1.00         1
        CF4M       1.00      1.00      1.00         2
        CWCG       1.00      1.00      1.00         1
        CYC6       1.00      1.00      1.00         1
        CYGP       1.00      1.00      1.00         1
        CZ7D       1.00      1.00      1.00         1
        CZDV       1.00      1.00      1.00         1
        D6VF       1.00      1.00      1.00         1
        DCN3       1.00      1.00      1.00         1
        DKZT       1.00      1.00      1.00         1
        FFC4       1.00      1.00      1.00         1
        FTKG       1.00      1.00      1.00         1
        FV7G       1.00      1.00      1.00         1
        GCCZ       1.00      1.00      1.00         1
        GKY5       1.00      1.00      1.00         1
        GNKK       1.00      1.00      1.00         1
        GRV2       1.00      1.00      1.00         1
        GTW3       1.00      1.00      1.00         1
        GZY6       1.00      1.00      1.00         1
        H3CP       1.00      1.00      1.00         1
        H9NC       1.00      1.00      1.00         1
        HDT5       0.50      1.00      0.67         1
        HDTM       0.00      0.00      0.00         1
        HKR7       1.00      1.00      1.00         1
        HZVZ       1.00      1.00      1.00         1
        K7NM       0.00      0.00      0.00         1
        K7WM       0.00      0.00      0.00         0
        KNTG       1.00      1.00      1.00         2
        M2K6       0.00      0.00      0.00         1
        MDK6       0.00      0.00      0.00         0
        MNH2       0.00      0.00      0.00         0
        MWTM       0.00      0.00      0.00         1
        MWWM       0.00      0.00      0.00         0
        N3CV       1.00      1.00      1.00         1
        N6TG       1.00      1.00      1.00         1
        N7Z4       1.00      1.00      1.00         1
        NGMY       1.00      1.00      1.00         1
        NR9G       1.00      1.00      1.00         2
        NZTZ       1.00      1.00      1.00         1
        P76N       1.00      1.00      1.00         1
        P92W       1.00      1.00      1.00         1
        PKDP       0.00      0.00      0.00         0
        PRDP       0.00      0.00      0.00         1
        PTC7       1.00      1.00      1.00         1
        R3W4       1.00      1.00      1.00         1
        R54R       1.00      1.00      1.00         1
        R6VZ       1.00      1.00      1.00         1
        R7NK       1.00      1.00      1.00         1
        RTWZ       1.00      1.00      1.00         1
        T9VH       1.00      1.00      1.00         1
        TC2G       1.00      1.00      1.00         1
        TCD6       1.00      1.00      1.00         1
        TKF2       0.00      0.00      0.00         0
        TKP2       0.00      0.00      0.00         1
        TNZ9       1.00      1.00      1.00         1
        VFH4       1.00      1.00      1.00         1
        W4HV       1.00      1.00      1.00         1
        W77T       1.00      1.00      1.00         1
        W9NF       1.00      1.00      1.00         1
        WMDC       1.00      1.00      1.00         1
        WMDN       1.00      1.00      1.00         1
        WTVR       1.00      1.00      1.00         1
        Y63F       1.00      1.00      1.00         1
        YPCM       1.00      1.00      1.00         1
        YVK5       1.00      1.00      1.00         1
        YVRH       1.00      1.00      1.00         1
        YWYP       1.00      1.00      1.00         1
        Z2Y2       1.00      1.00      1.00         1
        ZF3P       1.00      1.00      1.00         1
        ZHC9       1.00      1.00      1.00         1
        ZNR2       1.00      1.00      1.00         1

    accuracy                           0.87       101
   macro avg       0.77      0.77      0.77       101
weighted avg       0.87      0.87      0.87       101

